ΓἨΉΓΓΓΓΓ
Lam 78888688.. 88118. 88181881888888888 881881 181 L

8688818818868888668881668188868688 88188818811611
6181888 81, 1118 ,1811181188 1816881168 116 88 Γ181111111111111811111681181181-
LLLLLL LLLL LL LLL ΓΓΗΓΓΓΓΓΓ LLLLLLL ΓΓΓΓΓ 811618 .
bisher 1111 6118161 LLL. LL. LL' Γ Γ LLLLLL 1818881881. 1188
1811181 ,11116 8881, 1111611 1611116116 1186181181188111 LLLLL 8618181861, 11181868
111818 Ι11811181, 186 8, 61867 71111111 18681111688186811688 611111111118181111. .
68868 81181, 11811 8118888118818118888161161881681118668816 LLLLLQQ .
88,1881 8818 81181188, 618181168618881 81116 8881118118 1811111881 181888
8881118611, 81811118, 81788868 1118881186 ,1681118811 81 6618 11686618 881 1,. 3
8116681681 8111116 86688 6118166818 1818188881, 88111 8616 ,(81 6818811671.. 2 ¹
118, 67.,Ι)181)81861811881816181888 fut: 1118 18881811888888;
86816 6811 886 61881688816888811611888118688881681181,6811181661 3
618118 8 37 8186111681 8618161881 881118 661 Le 1111114218 88888
8111118188 1161181811 6861811118 1181681181 81881818 161818, LethiLtQ -81
11781168 LLLLLgLLLhulQ 18818688 618 8886188818 8,·11818818111861888
(68881868886618 88111116, 6866818688688816881[1868618888868886816181 }
61818168 888811 81688188181168 1681188888 der 8881811118 1118811881.
88688118 681681186811811, 88161688 zu lei,sten (18188188888811188818
81118 8111818 8888168188 LLLLnkoLmQ 186168688818188 Die
8611118886 61 6618 186611688881188 (L 4711, 686 888 161811681661818
8881618118 . ,, . , .

Β. 11116881111861861881181188 ,1, ”

8 68. 6168, 61116866 16118 188 Ρ1618681168888888681688 6111886188.
81618618111888 ist uhter 6818811688 88618888888 86168118818686861
und 1811118118111181868 6886811118. 1181881888. 8111111681 688 68886
1818888 688 61868818161.611611,,1111 11868111 1116. L· 1618 1111886888..
8161811181 (LeLrLiLLLL 1161888 8111 1.,181868 LLLLL LLLLWLLLL
686811, 61811118 18118 6866188188 618 68618881881188881818161688
6161881886 1186188 Η18661 186 8686881 1881. 881 6188111811 181188.. 18116811,
1811818888818818818 181688818811811816 811181 6816611881 1111161· .,-.
8111811 ,781888118881111 86681618886881611811188 6118881188 68881 .
der MinisLLrLLr¹ 6111611816 1186816881] 188811886881111888 68811181 .
888118868868 6886818118888 ln 8868181 178188 1811681881 888611
88818888 186.-,-Ηι1681 6811881888 8811888888, ,618 618111118681181
von 68618888111811811, in 68888 die 868118886811661881681 LLL
dem [1868188168 11181818118868888886Ὓ118111188888 8111816811, 881,
88.66686

8 69, Ρ111866116888181186816818611 8811118818 16618811 881111
818681661681688 und Unt 81118116 6688 1688116 zur 6888811188 868818,
81161881 7888111888 (08618116 11861816818886) 8116668181 88168188 6861886818

 

