¹ 'omme 1111111111.111111111111111111111183 ’ 309

1111111111,1 1 111111-1111111111111111111111111111111111111111111 111
111111 11111111 QQQQQQ QQQQQQ 1111111111111111·
11111111 1111, 1111111· 1111111111 1111111 1111111111111111111111
QQQ QQQQQQ QQQ 1111111111 QQ QQQQQQ 111111 QQ

1111111111111111111111111,1111111111111111111111111111111111111 1 1

11111 1111111111 11111111 1111111111 111111111111111 11111111 11
11111111111111111111111111111111111111111111111111111 111111
1111111111111111111’11111111111111 1111111111 11111 1111111111
1111111111 1111111111 111 111111 11111111 11111111111111 1111111111
1111111 1111111 111 vQQQQQQ 1111111 1111111 1111111111 1111

1111111111 DQQQQQQQQQQQQ 11111111 ,,· ,,.
, 1111, 111111111111111 1111111111 1111111111111111111

111111111111111111111111111111111111 DQ 111111111111111 Ἴ

111111. 11 111 11111111 1111111 die 11111, 1111111111 1111111111 1111111·
1111111111111111,111111111111111111111111ς11111111111
1111111111,11111111,111 WQ'QQspruQ QhebQ, 11111111 doQ anQ

11111111111111,1111 11111111111111111111111111(1111111111 ’

1111111 11111111111111111111111111111 1111111 1111.

DiQ 1111111111111111. 111 1111111111 1111111111 ,1111111-
11111111 11111, 111111 ,11111111 111111111111111111111111111
1111111111 111111111111111 111111 111111 11111111 1111. 111 111-
1111111111 11 111111111111111111, 1111, 'QQQQQ ,111 1111111111 11111
- die 11111111 und diQ 11111 111111- sich 11111111111111111111111
(111111111111111111111111111111111111111111111111111111111.111-
daun 1111 (111 1111111111811111111111111 11111111111111111111
(111 1111111 mehr m 11111111· 11- als 1111111111111111111111111111
Q'QQQQ 111·11111111111111111111111111111111111111111111111
11111111 1111111 111 111 11111111111111111111 111111111111111111·
1111111111, 11111111 111 ’1111111111 1111111111 11111111111111111
11111111111111111 11111111111111111111111111, 11111111111111
81111 1111111111 1111111111, 11111 1111111111111111111111111111111
(1111111 11 111111111111111111111 (11111111111111 1111111111 111
(1111 111· 111111111111 QQ'QQ 11111111111111111111111111111
(1111 111111111111111 111111 1111111 1111111111111111111111111111
1111111 11111 111111 1111111 1111111111111111111111111111
11111-11111111111111111111111111111111111111111111111
1111111 1111111111(111-111111111111111Ὓ-1111111111111111111111111
daun 111 11111111 111111 1111111111 111 111 QQQQQQQQ VriQQQQ
111111 QiQ 1111111111 11111111 111111 11111 111 Qu 1111 111111 1111111111

11111111111111111111111111111111111111 1111 11111111
11111111 111111 11111111 1111111 11111111, 1111 1111111111

 

