«πῇ111111111111111111ι1111111,111111111111111»·.Ι 151

111111 111111111111111 111111111111111111 1111111111111111111111111111111

111111 11111111 gar 111111,111111111111111111111111111111.1111111111111 ’

1111111111111111 1111111111111111111111111111111. ’111111 1111111111 1111
11111111111111111111 11111111111111 11111111 11111,111111111111111111111
11111111111111 11111111111111111111111111111811111111111111111111 ’
11111·111111111111111111111111 111111111111111111111111111111111111·
(111111111111111111111. 1118111111181311-118) 1111111111111111111
11111111 111111111111111111111 11111111111111111111111111111111111111·
1111111111111111111111111111111111111111111111111111111111111111 1111
11111111111111111111 111111111111111111111111111111111111111111111111
111111111111111111111 1111111·11111;1111111111,·ῑ (111111111111111111111111

1111111111111111·1111111111·111111111111111111111111111111111111111111111 ,

1111111111 1111111111,1111--1811111111111181211111111(1111111111, 1111
(111111111111111,2-11111111111111761 alus< 11111111111111111111111 1111
11111111111111111111111 3111111111 11111111111111111111111111111111-1111
1111111111-11111111111111111 ,111111111111111111111111111111111111
1111111111,ῃ1111111111..1111111111 111. .· -1111111111111111111111 ῃ11111. ,
111111 1111111111 111 Ρ111111111 111 Η1111111111 111 11111111111111
11111111 1111111111111 1111111 111 1111111. 11111 1111111111 11111 der
11111111 1111111111 1111111111111111111 1111111 11111111111111111 Ans
111111111101111111111111111111111111 1111111 1111111111,
111111 1111111 1111111111111111111111111111111111 111 111111111111111111 '
11111111 zur· 1111111111111 1111111.1111111111111,1111 11111111·
1111111111 111111 1111111 1111111111 11111111, 11111 111 11111 1111111111
111 1111111 1111111111 1111 1111111111111111111 111 1111111111 (11111111
111111 1111111111 1111 1111111111 11111111, 1111111 11111 1111111111111 ¹
111111 1111 11111111111111111111111 1111111111111111 111111111111111111
111111, 1111111 1111111111111 8111111111-111111111111111111 11111111 ’
11111111111111111111111111111111,11 111111111111111111111
1111111 dem 111111111838)111111111111111111111111111111111,
1111 die Ρ11111111111, 111 Ἔ111111111111111111111111111 1111 Pom j

Ἴ mern 111111 die 111111111111111111 111111111111111111111111 111111

1111111111111, 1111, 11118. 3111 1111111111 1111111111· 111, 111
¹ 11111 1111111111 1111111111111111111 (11111111111111111 1111111111·
11111111 1111 er 111111 1111111111· 111 11111111 1111111111 1111111111 11111ι
(1111111111, 11111 boi 1111 11111111111111111111111111111111 11111

1111111111111111111111111111,111- 11111111111111111 1111111111 ’

1111111 eren 1111111111]111111111111111111111111111,1111111111111

11111111111111111111111111111111 111 1111111111111111111111111.
11111 die 1111111111 111 11111111111111 durch 011 11111111 111111

[111111111111111111111 1111111111 sein 111111111111111111 1111111111,

 

