((11111111111111111>11111111111111111 11. (1111111. 555

punkt (111.·11111(1((11(1(11111111111’1111111111 11111111111111111
BM55555759'2·‘·¹“’³³' (11111. 11( ¹5.) j} 1( (111. (11( ι111.. 11111111(

1111111(11(1111111111111111((11 11111111. (11111111111111111111111111111111(
11111(111111111111111111111.111111111111111118111111(111111111111111(
(111111111111111111111111111111111(111111111111111((11111111111111111111
(11111111 1111111111((111111111111111111111111111181111111111111111
1111111111 (1111111111111(11111111111111111111 55 ’131111111191111111111111
1111111111111 1111111111181111111111111111111(11111111111111111111
11(’(1111111111111111111111111111111( 55155551155555 5555555'5555
111111( ’(111 ’811111111111111111 (11111111 1111111111111111111111111111111.
, 1111111111 (111111111111111111 111111· ((1111(11111111111111111111111111
11111111( 1111111 11111111(811111111111111111111111 11111111111111111111
(1111111 ὶ111111111111191111( 11111111(,·1((1111,1(1111111111111111111111
1111111111111111111111111111 (111 11111111( 1111111111 1111111111 (1111(
111 5515505555 (1111111111 1111( flio 1111111111 1111111111 5511
Kirehendi555rn ((1111 1111111111111111 1111111111111111111 11111111
(111111111111111111111111111811111111111111 21,(11 dieser
(1111111111 1111111111 (111 1111111111 ’111 111111111111 111( (1111111111
11.M5i (1111111111111111111 1110111111 55i und 1111111111(
1η1’11ι.
55³5 ist 11111 0111111111 (1111111111111111111111 1111111119 (111
111111111111) gebilljgt en (1111111111 (1111( nunmehr 11111( >55¹5 555
1111111111( (111 8111 1111111111 (111 811111111111111111’8111111111
Κ1111111111111111111111111111111, (111( 1111111111111111111( (111
1111111119 11111111( 111111111111111111 ausgespro5hen sondem nur
auf 1111ᾱ1111111111 ’Β1111111111 1111111111 mit 1111 1111111111 (11(
11111111111111111(111111113111111111111111,’ 5

N55h (111111 Ausemanderse 11111111(1111111111111Β1111111911111

gei5tli5hen Amt 1111111111 (111 1111111111 1111111111 11111111 11111111(
sie 11111111 11111111111111111111’811111111111111111111111 1111111111(-
(111 8111111111( 11111111 (1111( (111111111111111111111111111 1111111111
die 1111111111( 8111111113 111· 1111111 (111111111111111 (1111111 (1111111111
111111· (11111111 als 1111111( 81111 (((1111111111111111111 ὶ1111111111,- ((111
daher (111111 (111 1111111111, (111 1111911111 8111111111 ’1111111111
j555r‘5352i555557.v 1111111111( 9111111111 81111111111111111111111111111 -
(vom 11. 11111) 11111111111181111111111111111111111111111( 111111-
1111111111111. Mai) (111 1111111111 (111-111111111111111111111 11111 als
1111111111( 8111111111( stmsgeninhtshofs 111111111111111·
malie 11111111 111( 1111111111 (11( 1880 »5555555‹·:w5r555-·5n555·
kann 11111111( 1111111111( 11111111111111111111811111111111111-
kannt (1111111. 8111111111111111111 11111 (1111111111111111111111111111111

 

