Ueber 999 11999991991199 9. 999999.0911.·11119. 9914. 19111883. 339 ¹

2³51'Das 99 11919199 1199 999 99 9911999 Touo 9919911999 ,19191-
9191919119 1191191199 9999191 91919 919 9999 119 1991111. 1999991191
919 91991999 Ι9191919119991999, 991919 999 1191199919· 9 1991199999

’ 9111999 Ι191999 ’999 9999999 , 119119 191999, 91911 9999191999, 999.-
19999199999 1199119911119919119991199 9999191, 19. 99 ,991191911-
991999119199· 199999 99119991919199 ·.9911191,.·«91,9· 1119919919 saian
in der Sendung 9119911999999191119199 9911119 19919 991999 919 999
11999991911919199 119919999999991111199199 11199999199199919-
9911 991919991991199 1999191199 91919 9919111919, welche> 9119
durch·- Her-tn :va 11999199991991119199 9999199999 1991919999191999,
999 999· 1119919199 saber „dennoflh 91911· 9999919111999999 konnen.
111999-9991911991999911919991999 19· ε991919,,· 991919 9991. 199,-

1191999.99199991919199919199 999· 999 1199199999 99199999 999 ’

11999···Η91991199·1999999999999999 ganz 11999999 9999999999·
999, 99919 991919, 1991919991 11999 1999919999999199199999
99199991991991991999119111919 19919999 9999991199 9999999999
9119. ··19·ῑ.Β91999·ι999 «9991911999 dieser 191999 19199991999199 999
1119919199 919 Η9999ἱ99199999 999 919 191191919999191119199 191
19199 gotinge& ,119 die Regiorung 999 9911919191999199, 9999919
99999 911919 91999.ἓ99191119199 11111991119191999119999 9999119111
999 99919991 999999, 191191199199999, εοκ91999199199999911919·
9191991999 999 9999999999999199919 9911 am 119199.4 19999991
119 91999191119199, 99191999919199199999911999199919919119999991
191999 zu 9991119999 19199, ,9199 999911 9991919119-99999999..1199 ·
’ 11111 1199 1111911919 999 1119919, 19119919· 99919191 1199199 9991
19199 in’s Gefflngniss 99999991· 1119991191999919 999 1999119119
199919 19919191 9199919199 «1999919999. 1991999999999999111991919
999 9991119919- 999 119199991919999199 999999. 9191999999
9199 99 99 99991119999199,91919 999 9111199 1919199991 1191991999
999 9999199 999199191919191 1999119999 999 9199919199 91999 9991
gesat, 19119199 11919199 99999999 191

11119999 919 »991119 199191 99999999999911 999 1919999919 so
durch 91999 999 999 199999191199 gar 9191119 1199199999 gest 1911
199 999 999 919919 911919 99199911999999111999991999 1999191911
ist, 9199 999 1119919199 9991 9991 durch die 91911-991991919999199-
9191999 1199 919 1791119999] 919 1199999199999. 9199191919
19 991 999 119999 9999199 9919199191199 99191199 999 919999 99911
9911, 9999 919 19911199999999991911199· 999-1191999919919199 191191-
9119999 119911 19199. 1999999991 die zahl 999 99191119199919999
Kategorie 9199 991919991919119. 1119 99999 919 ,1911199 Ρ9199199
ist, 919, 9119999 999 9911991999199 9999911991, 91919919919999999

22*

 

