555555555555555 555 5555 555³ 55

der
555555555555555555 55 5555 555 5555

5555'555555555555555525315 144444 ffie‘ ἕὸξῐοῐὲιηῗίιέὲξῄῖᾆ 1
’4444444444ἱ 55555155155505555g55 44444444 555 555555 ,Ϋῇιι 55⁸ ” 55555‘555555 5555 3
555555555555 555'55 555555 55 55 55 5555 44444444-
5551555 ¹55555 5555 5555 555555 5¹5555555 5555555* 5555 555 5

55555555 5555 55 5555 55555‘5555 5555555 5555555555 55555555

5555 444, ···· 5555 555 5555555 555 555551555 555555
5555555 55555555555555555555555 444, 44444444 5555· 555555555 555555555 ²

555555555555555555555555515555115555551555555155555 5
5555 55555555555555 55555555 555555555 5555555 5555

55555555 44· 444444· 555 555 555 5555 5555 5555 5555 5555555
555555555555 555 55 55555555 444444 555 5555 5555 555-555 5555

555555555 5555555555 4444 55555555 5555 5555555555
5555555555 55 555555
5555 55555555 5555555 55555555555 55555555555555

5555555555 4444444, 5555 welches <lie 555555 55555 55555555555555 ¹

555555555* 555055 555 555551-‘5555555555555 555555555555 55
5555 555555555 55 55555555555 555 555 55555555 55555555555555555
55555555 5¹5 555 555555 5555555555555 555155555555 555 5555 555-
5555555555555 5555555 444444· ¹555 5555555555155555555555555
555 die Mehrzahl der Kinder 444444 5555551‘5'5 4444444444 55 5555555 5555‘55
155555555555555555 555 ··444 555555 5555 55555555555555 55-5155555

γ 5555555555555555555 55555 555555555 555 555 55555555555555

555³ 555555555555 5555 555555 555555555 555 555555555555555 555
'555 555555 555551555 555555555 5555555555555555555555555555555
555555555555555551555555555555555555 555555555555555555555
555555555 55515555555555 555 444· 5555555555555 55555555'5 55 55555555
55555555555 55555555555555555555555555555555555555555555555
”5555 5555 ‘5555555555555555555 555555555515 55555555555555 15555555155
1:5115555555555555555555555555555555555555555555555555555
55555555555551555 555555555555 55555555555555555555555 55555
555 5555555555555 5555 5555 555555555555551555555555551555
44444444444444444444444444444444444444444444444444444,4444444
-5555555555555555555,5555555555-5555555 55555555555 5555555 5555-
444- 55555555555555555555555550555 55551555555555555 555555555 555
5551555555 5555 5555 5555 5555 55555555555155555555'5 555555555555555555
41444· 555555 55555555555555555555555555555555555155515 buu
5555 .. 5 555 4444444 55
50

 

