364 11111131111,Κὸ11131111.11’1111111;1111111. 111111-11111111131111

11111111111111), 1111111131, im 31111111311111111111111111111
811111111113111 1111111, 1111111111 1111111111. 111111 1111111311
111111 111131. 3333 1111111111, »ist 11111111. 11111111 ,11131111
111111111111131111111111111 8111111311 111 11111111311111111111

’ 11111311131111311 Ι1111 1111111111 111111111111«.11111111311111111

11111111Ι 111. 11111,ι1111111ιοιι 1111111111..11311111111111311111111
Italiam 11111111 ein¹ 111111131111131.. 811 111131131111111111111,
1111 1111131111· 33 opfem 11111 111113 3333333333333333,
1111111111 ,1111111 1311 111111111131-11111111111111131111111111111
111, ’ 311 1311111111 1111111111111111111111 11111111111111111311113
11111111111111111111111111111111111111111111111111111111111311.
1111111111111111111 3333, (111 1111111111111111 1111111111-
1113111111 11111111, 111 1111111111 111111113111111113111111
131111111111111111,11111111111111111 3111111131. 1111311111
1131111111111111111111111 111 Η111111 1111131 111 111-
11113111. . · ·¹
3111133131133 1131311111 3331111111 3313, 311131
11113 111113 333133333333 8111111 1113 131111311113111
1111111111, 111311 11111111111111131111111, 11111 1111111111 111111
1111111111111111111111131 1111111111-111 1111111111 11111, ,111
11111111111111111 111..1111131111111111111111111,111 11ιί1111111.
4. 3111111311 der 1391131131 31111111131.,111 1113111 Amy.
111111.. 111331311131131111 Dr. 11113 11111 Eram, 1. 1.
« «3313111313 der 333. 31111111· 1311111111 1113131-
33311382. 33: 13 11111, 3111311113. 171111 1111. 93. 8.
,ι 611 111 11111311 1111 3111. 1111111111 11131111111111 11111·
11111311 111 1311111111131111111, das Alzog’sche Handbuoh 1111111
1111111111111, 1111111111 (11111111111111111111131«1131111111
111111111111111111111111 11111111.. 31111 1111131111111111 Auf-
11111111111111 31 1111111 11111111 11131111, 31111 »11111111
111- 11111111111111111· 111 811111111131111111· 11 ,2. 1111111882.
(11111, 1111, 3111111. 8).Ι 1111 1111 11111 der 11311111111111111,
1111 111131111111111111111111111 131. 01 1113111 1111111111 1111
11111111, 1111111,- 333: 1111111131 11110111111111311111 1111..ι '33-
111111 Ριιῐιιιιι11ιι 11131111111111111 und 11111111 111113111ιὲ1
1111111111 Dr. 1113111311 Grande 11111(13111111111111111111111111
11111111111111 den 111111113111111111111111311111131111111·
1111111111 11 11111111 1111111111 111111 1111 1111) 1111111111 11111111
11111111ιῆ111. 3111111111 11111 die. 1111111111111 (1111 1111-
1111111 Kraustgegen einen Gregor VH„ 11111111 111.. 3111111111,

 

