1111111111 01111. 11111111αῆ111, 1111191111111111,181Α1191 1383. 133

1111111 1111111911 1111111111111 1111191111111111911111111191 03333333
30333111033333 quum 1111191111111111111111111Ι ,1 ..· 3
31:3333133310333030 9111119111 111111 111111 1111111111 1111 9111111111 91111

3330333 03301333 1111111111 11111111 331 111111111111111191111191111111 91111
1111119111 1111111111 1111111111, 91111 11111191 1111111 33333333333· 1111111111
303. ’11119111191111 1111 [11111911111111 9111111111111111111111,··11111111111
11191111111911111111 1111111111111111111111111191191191111111111111 3333.
11111111191119 11111111 siuepruuuqup 11119911111,11 91111119911111111
91111 333333'333 (1111111 111111111111111111111 1119111111 3133'3133331 111111 op-
p0330333q313 (1111111111 11111111 ’111111111οηὶ 1991111191 111111191111111
111111111111111ς 1111111111 1111111111111911111111111 91111111 opinionum
11111111 111111111111111111.11111111111111911911,1111111111111111
1111111,1111111191111111111111911911111111191111111 '
1111111911 1111111111 anim 3, pri3330313' 1111 11111 3033 1111191111 111 ’9111111 1111 ’
1111111 11111111 1111111111 111· quid 11111 11111 11111111 1111 91111 1111911119 9111
1111111 11· ’111 1111111111, 111 91111 11111111 1111111111111111111111111·
usum 1111111111 0011'3330'330330331331 1111111111, 9111111111 1111111111111111
1101111111111111 ’91111111 191111 111119 111111111111111111111’119111
91111111. 111119 111 111 911111, 9111111111 1111111 majore 111111 19111111 11
1111 monumen ouum 9111 1111111111 00333030 ’1111911111 1111 11911
11111111 11 iilis oper-ibus 1111119111 1111111911 1111111111 1111111111 ’11
111·111111·’;1111119111111111 11111111111111111, 111911111911111111111111
11111111 111 111111, ideoque (1191111199111 qua 111 111111111111111 11911119
1111111111111111111111 ’·” ‘ '..
”1111 3'33 1111111 hujusmodi 9111111111 1111111111 11111111 1111111
1111 111 summorum virorum uon paucis 11911111111119111. 8191111111
111111111111111119 1111111 911111911111111111111111111111911111111911911·
1111, 1111111111111111111 1111111111«11111191111111111-111119111111
11111111 1111111111111111111111111111111111119119111111111911111111,
03. 11111111 .«,111111111111111 111111111111111111111,111111111191111111119111·
111111111191111111111111111 ,1111111111 119111111.;11111,11«1111111111111
11191111 1111111911 11» (11111111911111,11111119·111111 9111111 ,111111
1111111111111911111,1111111111,81111111, 1111111111911111111, 1119111
imperii 111111111111111111911111111111111111111111111 111111,- iul-303,
1111119111111111111, Δ11 nusquam-0333 3333103300333330 puriugiumpueu
303033300, 111111111111111,11111111.,11111111111111111 'plane 11 ,« ui
11111111 1111191111 11-11119111911111 1111111111 miuus «1191111111111, . 1111
111111191191 1111111111 «11111111191111111111111111 11191 ,1119111111-
11111111 1111111111.« 111111111111111111 1111111111111111111111 illos
111111 1111 9111 111111 119111911,Β1111111111111111111111. ,11111
11111 1111111111 1191111111 1111111111111911911111111111111111 3303333030
3333333 1111· 11111111111111, L. · 28

 

